DNI1=1.366*((0.4237-0.0821*9)+(0.5055+0.00595*3.5*3.5)*exp(-(0.2711+0.01858*0.5*0.5)/sin(14*pi/180)));
a=sin(90*pi/180);