RMSE=[4.068588	3.983695	3.93455	3.903516	4.109034
4.058374	3.839713	3.998428	4.157051	4.168366
4.370158	3.850081	3.854785	4.378578	4.097513
3.853199	3.979625	4.108027	3.843113	4.049906
4.004533	4.139664	3.777441	3.877864	4.243754009
3.980491	4.081712	3.957764	3.948374	4.116772
];
H=[8 9 10 11 12];
X=[1 2 3 4 5 6]