B=[0	0	0	0	0
0	0	0	0	0
0	0	0	0	0
0	0	0	0	0
0	0	0	0	0
0	0	0	0	0
0	0	0	0	0
0	0	0	0	0
0	0	0	0	0
0	0	0	0	0
0	0	0	0	0
0	0	0	0	0
0	0	0	0	0
0	0	0	0	0
0	0	0	0	0
0	0	0	0	0
0	0	0	0	0
0	0	0	0	0
0	0	0	0	0
0	0	0	0	0
0	0	0	0	0
0	0	0	0	0
0	0	0	0	0
0	0	0	0	0
0	0	0	0	0
0	0	0	0	0
0	0	0	0	0
0	0	0	0	0
0	0	0	0	0
0	0	0	0	0
0	0	0	0	0
0	0	0	0	0
0	0	0	0	0
0	0	0	0	0
0	0	0	0	0
0	0	0	0	0
0	0	0	0	0
0	0	0	0	0
0	0	0	0	0
0	0	0	0	0
0	0	0	0	0
0	0	0	0	0
0	0	0	0	0
0	0	0	0	0
0	0	0	0	0
0	0	0	0	0
0	0	0	0	0
0	0	0	0	0
0	0	0	0	0
0	0	0	0	0
0	0	0	0	0
0	0	0	0	0
0	0	0	0	0
0	0	0	0	0
0	0	0	0	0
0	0	0	0	0
0	0	0	0	0
0	0	0	0	0
0	0	0	0	0
0	0	0	0	0
0	0	0	0	0
0	0	0	0	0
0.028	0	0	0	0
0.04	0	0	0	0
0.049	0	0	0	0
0.054	0	0	0	0
0.062	0	0	0	0
0.073	0	0	0	0
0.095	0	0	0	0
0.117	0	0	0	0
0.132	0	0	0	0
0.143	0	0	0	0
0.15	0	0	0	0
0.151	0	0	0	0
0.156	0	0	0	0
0.177	0	0	0	0
0.183	0	0	0	0
0.204	0	0	0	0
0.207	0	0	0	0
0.21	0	0	0	0
0.214	0	0	0	0
0.218	0	0	0	0
0.219	0.006	0	0	0
0.219	0.025	0	0	0
0.219	0.031	0	0	0
0.219	0.042	0	0	0
0.235	0.043	0	0	0
0.244	0.043	0	0	0
0.246	0.043	0	0	0
0.255	0.043	0	0	0
0.269	0.047	0	0	0
0.274	0.05	0	0	0
0.277	0.059	0	0	0
0.282	0.075	0	0	0
0.284	0.091	0	0	0
0.284	0.095	0	0	0
0.285	0.103	0	0	0
0.285	0.11	0	0	0
0.285	0.117	0	0	0
0.286	0.122	0	0	0
0.299	0.127	0	0	0
0.306	0.129	0	0	0
0.31	0.143	0	0	0
0.31	0.149	0	0	0
0.322	0.155	0	0	0
0.332	0.159	0	0	0
0.336	0.164	0	0	0
0.339	0.165	0	0	0
0.34	0.165	0	0	0
0.341	0.165	0	0	0
0.343	0.165	0	0	0
0.343	0.167	0	0	0
0.343	0.173	0	0	0
0.345	0.176	0	0	0
0.356	0.177	0	0	0
0.358	0.178	0.013	0	0
0.362	0.178	0.017	0	0
0.362	0.178	0.02	0	0
0.362	0.178	0.032	0	0
0.365	0.178	0.038	0	0
0.368	0.178	0.043	0	0
0.369	0.178	0.044	0	0
0.372	0.178	0.049	0	0
0.372	0.178	0.061	0	0
0.381	0.178	0.068	0	0
0.386	0.18	0.071	0	0
0.395	0.184	0.073	0	0
0.404	0.185	0.078	0	0
0.411	0.187	0.079	0	0
0.42	0.187	0.089	0	0
0.42	0.188	0.094	0	0
0.422	0.189	0.096	0	0
0.425	0.189	0.097	0	0
0.427	0.189	0.1	0	0
0.428	0.189	0.104	0	0
0.428	0.189	0.108	0	0
0.432	0.192	0.11	0	0
0.433	0.202	0.111	0	0
0.433	0.212	0.111	0	0
0.433	0.221	0.111	0	0
0.434	0.222	0.111	0	0
0.439	0.225	0.111	0	0
0.44	0.229	0.111	0	0
0.441	0.233	0.111	0	0
0.442	0.234	0.112	0	0
0.45	0.234	0.116	0	0
0.452	0.235	0.118	0	0
0.453	0.235	0.12	0	0
0.454	0.237	0.123	0	0
0.455	0.237	0.123	0	0
0.462	0.237	0.123	0	0
0.469	0.238	0.124	0	0
0.471	0.238	0.124	0	0
0.472	0.238	0.124	0	0
0.473	0.238	0.125	0	0
0.473	0.238	0.125	0	0
0.473	0.238	0.149	0	0
0.473	0.238	0.173	0	0
0.473	0.238	0.194	0	0
0.473	0.238	0.203	0	0
0.473	0.238	0.212	0	0
0.473	0.238	0.213	0	0
0.473	0.238	0.213	0	0
0.473	0.258	0.213	0	0
0.473	0.277	0.213	0	0
0.473	0.294	0.213	0.038	0
0.473	0.307	0.213	0.07	0
0.473	0.319	0.225	0.095	0
0.473	0.328	0.231	0.115	0
0.488	0.336	0.246	0.133	0
0.494	0.336	0.249	0.153	0
0.509	0.336	0.25	0.156	0
0.521	0.336	0.251	0.177	0
0.529	0.348	0.251	0.189	0
0.532	0.35	0.253	0.2	0
0.539	0.36	0.254	0.21	0
0.543	0.36	0.254	0.212	0
0.551	0.361	0.255	0.218	0
0.558	0.363	0.255	0.229	0
0.562	0.374	0.269	0.241	0
0.569	0.374	0.283	0.25	0
0.57	0.378	0.294	0.251	0
0.579	0.381	0.303	0.257	0
0.586	0.392	0.308	0.268	0
0.586	0.392	0.317	0.268	0
0.587	0.394	0.325	0.277	0
0.589	0.394	0.334	0.285	0
0.597	0.398	0.342	0.294	0
0.602	0.398	0.351	0.304	0
0.61	0.399	0.36	0.314	0
0.613	0.407	0.36	0.314	0
0.614	0.411	0.36	0.314	0
0.615	0.416	0.362	0.325	0
0.615	0.417	0.363	0.327	0
0.624	0.419	0.365	0.336	0
0.627	0.421	0.365	0.336	0
0.628	0.421	0.366	0.344	0
0.629	0.422	0.376	0.344	0
0.629	0.43	0.384	0.344	0
0.635	0.431	0.384	0.344	0
0.635	0.432	0.384	0.344	0
0.636	0.433	0.384	0.344	0
0.636	0.434	0.385	0.357	0
0.636	0.434	0.386	0.37	0
0.644	0.434	0.386	0.381	0
0.652	0.434	0.386	0.385	0.035
0.652	0.434	0.386	0.396	0.064
0.652	0.445	0.386	0.397	0.088
0.654	0.448	0.395	0.4	0.111
0.657	0.459	0.404	0.41	0.128
0.658	0.469	0.409	0.416	0.148
0.662	0.478	0.419	0.416	0.168
0.666	0.481	0.427	0.416	0.187
0.672	0.488	0.427	0.416	0.206
0.677	0.493	0.433	0.425	0.224
0.677	0.5	0.434	0.433	0.229
0.678	0.507	0.434	0.433	0.246
0.678	0.514	0.442	0.433	0.262
0.679	0.515	0.444	0.441	0.277
0.685	0.522	0.447	0.449	0.292
0.69	0.522	0.456	0.45	0.306
0.69	0.522	0.46	0.459	0.32
0.695	0.524	0.467	0.459	0.333
0.697	0.533	0.469	0.462	0.346
0.702	0.538	0.478	0.467	0.355
0.707	0.545	0.48	0.469	0.363
0.707	0.553	0.481	0.478	0.365
0.707	0.56	0.484	0.486	0.379
0.712	0.567	0.486	0.488	0.382
0.712	0.574	0.494	0.489	0.386
0.713	0.575	0.495	0.498	0.398
0.714	0.576	0.497	0.506	0.41
0.714	0.578	0.497	0.508	0.412
0.715	0.579	0.506	0.509	0.423
0.715	0.58	0.514	0.509	0.434
0.715	0.588	0.514	0.513	0.438
0.715	0.596	0.521	0.521	0.439
0.72	0.605	0.521	0.53	0.448
0.721	0.606	0.525	0.534	0.448
0.723	0.608	0.525	0.541	0.452
0.724	0.608	0.533	0.541	0.461
0.726	0.608	0.541	0.548	0.462
0.726	0.608	0.542	0.549	0.464
0.728	0.608	0.549	0.558	0.474
0.728	0.614	0.549	0.56	0.483
0.728	0.617	0.555	0.56	0.491
0.728	0.623	0.558	0.567	0.492
0.728	0.623	0.564	0.569	0.499
0.734	0.623	0.569	0.569	0.5
0.734	0.623	0.571	0.571	0.507
0.734	0.623	0.577	0.58	0.508
0.734	0.63	0.577	0.58	0.517
0.734	0.63	0.579	0.586	0.524
0.734	0.631	0.585	0.592	0.526
0.734	0.631	0.591	0.592	0.536
0.734	0.631	0.591	0.597	0.54
0.734	0.631	0.595	0.602	0.548
0.734	0.631	0.603	0.61	0.549
0.741	0.632	0.607	0.611	0.558
0.746	0.64	0.611	0.62	0.558
0.747	0.644	0.617	0.624	0.563
0.748	0.644	0.622	0.629	0.57
0.748	0.651	0.625	0.63	0.572
0.748	0.651	0.631	0.636	0.579
0.748	0.651	0.636	0.641	0.582
0.753	0.652	0.637	0.643	0.582
0.755	0.652	0.642	0.644	0.582
0.755	0.652	0.642	0.644	0.586
0.755	0.654	0.642	0.644	0.593
0.755	0.659	0.642	0.644	0.595
0.755	0.661	0.642	0.644	0.602
0.761	0.663	0.642	0.644	0.603
0.761	0.663	0.649	0.644	0.608
0.761	0.663	0.649	0.644	0.608
0.762	0.663	0.649	0.65	0.614
0.763	0.671	0.649	0.65	0.615
0.764	0.676	0.65	0.65	0.619
0.766	0.678	0.652	0.65	0.619
0.766	0.678	0.657	0.65	0.625
0.767	0.681	0.657	0.655	0.625
0.767	0.686	0.657	0.655	0.625
0.771	0.687	0.657	0.655	0.625
0.771	0.688	0.657	0.655	0.626
0.771	0.688	0.657	0.655	0.627
0.771	0.692	0.657	0.655	0.627
0.771	0.694	0.664	0.662	0.627
0.771	0.7	0.67	0.666	0.635
0.771	0.706	0.676	0.668	0.641
0.771	0.706	0.678	0.672	0.647
0.771	0.706	0.684	0.677	0.648
0.771	0.707	0.689	0.683	0.648
0.776	0.708	0.691	0.685	0.655
0.777	0.708	0.693	0.687	0.656
0.778	0.713	0.699	0.687	0.657
0.779	0.714	0.699	0.687	0.657
0.779	0.714	0.699	0.692	0.662
0.783	0.718	0.699	0.692	0.662
0.785	0.718	0.699	0.692	0.662
0.786	0.718	0.705	0.692	0.662
0.787	0.718	0.705	0.692	0.667
0.788	0.718	0.705	0.692	0.668
0.79	0.718	0.705	0.698	0.668
0.794	0.721	0.705	0.698	0.673
0.794	0.721	0.706	0.704	0.673
0.797	0.721	0.706	0.709	0.674
0.797	0.723	0.706	0.709	0.674
0.797	0.723	0.708	0.709	0.682
0.797	0.724	0.716	0.709	0.683
0.797	0.732	0.718	0.714	0.683
0.801	0.735	0.718	0.714	0.686
0.801	0.739	0.721	0.716	0.686
0.801	0.742	0.721	0.721	0.686
0.802	0.742	0.722	0.724	0.686
0.806	0.742	0.723	0.729	0.692
0.806	0.742	0.723	0.729	0.692
0.806	0.742	0.723	0.731	0.697
0.806	0.746	0.725	0.735	0.699
0.806	0.749	0.727	0.735	0.699
0.807	0.749	0.733	0.735	0.699
0.811	0.749	0.733	0.739	0.699
]';
