alpha=[1.30 1.32 1.34 1.36 1.38 1.40 1.42 1.44 1.46 1.48 1.50 1.52 1.54 1.56 1.58 1.60 1.62 1.64 1.66 1.68 1.70];
accuracy1200=[0.7184675569944693, 0.7375415282392026, 0.756056042948802, 0.7740353594012132, 0.791502353390154, 0.8084786153267277, 0.8249845392702535, 0.8410394046602416, 0.8566614514381997, 0.8718679491746824, 0.8866752607523731, 0.901098901098901, 0.9151535914125842, 0.9288533092795129, 0.9422113350406414, 0.9552402947322116, 0.9679521998913636, 0.9803584844907157, 0.9924700392406406, 0.9957027565244734, 0.9841500051797368];
accuracy2000=[0.7714987714987716, 0.7897970582759263, 0.807558246193359, 0.8248056409329236, 0.8415612190340402, 0.8578457213143561, 0.8736787385201872, 0.8890787899504359, 0.904063395717417, 0.9186491432373982, 0.932851748481366, 0.9466861124615136, 0.9601663733802591, 0.973305954825462, 0.9861176103571986, 0.9986134647974119, 0.9891949474965759, 0.9772966471207337, 0.9656811766453721, 0.9543385699603582, 0.9432593237556233];
accuracy3000=[0.7413467589679044 0.7600743955362679 0.7782529016493587 0.7959060806742926 0.8130563798219586 0.8297249853715624 0.845931909982689 0.8616960728514513 0.8770353733857383 0.8919667590027701 0.9065062875888465 0.9206691851052349 0.9344698987746405 0.9479221462388218, 0.961038961038961 0.973832734735762 0.9863152559553979 0.99849774661993 0.9896091044037605 0.9779951100244498 0.9666505558240696];
lengths=[1200 1400 1600 1800 2000 2200 2400 2600 2800 3000];
accuacy=[0.99196169 0.982332674	0.968114287	0.940492476	0.995331178	0.965891396	0.968114287	0.939682728 0.967883854 0.964993327];
AAA=[0.838461538 0.947545013 1.0 0.776712329 0.65754717 0.639694656 0.6375];
YYY=[0.025 0.050 0.075 0.100 0.125 0.150 0.175];